20220
21616
14678
20213
20215
17171
15356
20220
17171
13370
17171
17171
13393
13370
17173
17287
23953
23953
21618
8881
23953
16044
20215
23977
23973
20156
12473
21619
21618
20156
23976
21616
21616
21618
21616
20226
17171
17171
17287
21617
21618
21617
17287
13369
17287
20214
20227
11350
20222
13370
17287
14830
17172
17171
14830
13370
16872
16044
13370
8881
13116
23953
23977
23974
23977
23977
23953
23957
23977
23974
23977
23957
23957
20221
23974
23953
14830
23977
23953
23973
20215
23953
21616
23953
23957
23867
20156
23976
23953
11339
23957
20220
23953
23867
23973
20217
1858
23957
23978
23977
17287
20156
23978
23978
23979
22165
23957
23973
21617
21616
20214
17173
21616
21618
21617
20214
21618
20156
20216
21616
20214
21616
5870
18276
20216
20156
20213
20213
20215
20214
21616
21616
21616
20156
21618
21618
21616
20215
19234
21618
17287
17171
21616
20226
20221
21617
20225
20225
20224
13370
17170
18276
20223
20214
17287
17171
20213
17284
17174
18276
17172
17171
18276
821
17173
17171
15358
18276
17171
17174
17175
17174
18276
18276
17171
18278
17172
14678
14462
17287
17171
17172
17175
17171
17171
17172
17172
17172
17174
17172
11348
17171
14830
15357
3994
18276
17287
17171
13370
13370
17171
13370
14462
15358
11350
13370
15357
14462
11348
13370
15358
15357
15356
13368
12473
11339
8879
21617
14830
17174
17284
14830
13368
13116
13370
15358
21616
23973
15356
20213
21616
17171
17171
17287
13116
13370
8879
21616
14462
18278
15357
13370
3193
13370
18276
17171
17171
8883
17284
8882
17287
23973
21616
23867
23953
23977
20214
21616
21616
21617
20218
21619
21617
20221
20156
21618
23973
17176
21618
20226
8879
21617
23974
23974
12473
23978
13369
20215
20213
21616
21617
18277
20213
21616
17172
20225
21616
20225
21616
8880
20216
21616
21617
20217
21616
21618
21616
21617
20227
17171
21618
20216
21616
20224
20156
23953
21617
18277
20156
11349
5871
20223
13369
21616
21616
17287
21616
17171
17172
14830
20213
17171
20226
17171
17171
20218
21616
18278
11345
17171
14830
21616
20213
14830
3627
20220
21616
17175
16046
5870
19541
20214
17172
20213
18278
17174
16872
20226
20224
19541
17287
17172
17287
17171
17172
8883
17287
17287
17171
14830
17171
20220
17172
17171
17171
17171
17287
17173
17171
20213
17171
14830
17172
17171
17171
17171
17171
17172
17171
14830
17287
17172
17172
17171
17172
17172
17172
17174
17174
3200
16872
17175
17172
3995
18277
14678
17287
8879
13368
17171
14830
15357
14830
13370
17171
16043
14830
13370
11350
17171
15358
13370
17171
13370
8879
13368
13370
5870
13370
14830
14830
16044
13368
15356
13369
15356
17172
17284
15358
8881
17284
13370
15356
11339
13116
13370
14678
15356
23977
23977
23953
23953
23867
17171
23953
23867
23976
20223
23953
23977
23973
23977
1986
23957
17171
21616
23867
23977
21617
18276
23974
23867
23953
23957
23977
23953
23977
23957
23957
23957
23867
23953
23976
23953
23953
23953
23957
20213
23957
23975
23953
23978
23976
20156
17171
23953
18276
23978
23977
23953
21616
21618
23953
23953
23867
21616
23953
23953
23977
21616
23867
23977
21619
21619
20213
23973
23977
23953
23977
23867
17171
23977
23953
23977
23974
23978
17171
23953
23976
21616
23953
23978
23957
23974
23977
23953
23974
23957
23957
23976
11351
17171
1985
23953
23953
17171
23977
23953
21616
23953
21616
23953
1985
23867
18276
23953
23953
21618
23977
21616
23977
20213
23953
23977
23976
20226
23978
21618
17171
23953
23953
17174
23979
23957
20216
20220
20214
23978
18278
23978
23977
21619
21616
23977
20156
17171
23977
20227
17171
21618
21618
23973
20223
21618
21618
21616
23973
17287
20216
20213
14830
17175
21616
8881
20216
18277
21617
21616
21617
23977
20216
20214
23973
20227
23953
21618
17172
21616
21616
21619
20226
20225
20217
23977
21616
21617
21616
21617
21616
21619
20224
20156
20215
21618
21618
20216
17173
20216
17175
20218
21616
20213
20156
17171
21616
554
21618
20215
20220
20221
20217
20226
20213
21617
21617
20216
20215
21618
21617
21616
21617
20216
21618
17287
20216
20220
20227
20224
20214
20224
20216
21616
14678
17174
21616
21616
21618
21617
21617
20224
20220
20156
20227
20225
20216
20224
20220
20227
20221
20225
20219
20155
20215
21618
20224
20227
20221
3200
21616
11348
20213
13116
21617
21618
20227
21616
20215
13116
21616
17175
20227
21618
17287
18277
20227
20227
20214
21619
20225
20224
20218
21616
20217
20214
20218
20221
20221
20217
13116
20213
21616
20226
21616
21616
20213
20213
20213
21616
20213
21616
19233
20223
20156
20213
21616
20215
20213
21616
21616
20220
20213
20213
20213
21616
20223
21616
20214
21616
20156
20217
21616
21616
21616
20213
14830
19233
20216
20156
19236
18276
21617
20214
21618
20221
21616
17171
20225
21616
17177
20226
20223
11348
21619
21616
21618
17170
17284
21616
20223
21616
21616
20213
17171
20213
21616
21616
17287
21617
21618
14678
17174
21617
20214
21616
20224
554
20213
20213
14678
18276
20213
17171
19234
20213
20213
17173
8883
20214
17171
20223
20213
20223
20226
17287
17171
14830
19554
17171
20223
20213
17174
17170
18277
5870
17175
20213
13369
19554
15357
14830
17172
17171
17171
17175
13370
17171
17287
20213
17176
20213
20213
19554
17284
17174
17171
13368
17172
13370
17287
14678
20213
17171
17171
17287
17171
14678
17172
17171
17171
17287
17287
20213
17287
17171
17287
554
20213
17171
20213
5875
16872
8882
17171
17287
17172
20226
17287
17174
17171
18276
17172
19233
17171
17171
17171
18276
18276
17172
17171
17172
17172
17171
17171
13370
19234
13370
17171
17171
20213
8879
20213
14678
17171
17287
17172
17171
5873
17171
17171
17171
17171
17171
8883
17172
17173
18277
17171
17287
18277
13370
17287
17171
17664
17171
17171
17171
18278
17284
821
11348
17171
18277
13369
14830
18277
11350
18276
17176
17171
17172
18278
13370
16043
17171
17171
13369
18278
5874
17172
17171
17287
13368
17287
17172
17664
18277
17172
8883
17173
17174
17287
17287
17174
13369
17175
5869
17174
13116
17174
17171
17172
17172
17287
16872
17287
17173
17171
17171
18277
17287
16872
17171
17287
17173
17172
17287
18278
17171
17287
18278
554
17171
17287
14678
17171
17170
13370
17171
18277
17175
17171
17171
17172
13369
17287
17171
17172
18277
18277
14830
17172
17171
16872
17287
17175
14678
15356
17664
14678
17172
17171
17172
17287
17173
18278
17287
17174
8880
17173
17172
18276
17171
17172
17171
14678
17171
15357
17171
17171
15356
15358
17287
8883
13370
17171
14678
17171
16044
16045
17171
17172
17171
17171
11348
17174
17171
17171
14830
17171
16044
17172
17171
13116
17174
17170
15358
17287
17174
13369
14678
17171
17171
17171
18277
17172
13370
14462
17174
14462
17171
17171
17171
17171
17172
17171
13370
11348
14830
17172
14678
15357
17171
17171
15358
17171
17171
17171
14830
11348
8882
17171
14830
16872
17172
17171
17284
16044
15356
11339
15356
17175
17171
13370
14678
17174
17172
17174
15356
17287
17172
16044
17172
15357
15356
14462
14830
13369
8882
11350
13370
17171
13369
8880
13368
15357
11339
16043
14462
17175
16045
16044
554
15357
17174
17171
13370
17171
13369
14830
17173
13116
15356
17171
14830
17287
14830
13370
11781
14830
17171
17171
14830
16044
14678
13370
16044
13368
17171
5874
13370
3200
15357
13370
14830
13369
13370
15357
13370
14830
14830
14462
13370
13370
13116
13370
11345
13370
13369
13116
15356
15356
13370
14462
14830
13370
1858
15356
14830
14830
13116
14830
13370
4714
13370
13370
11350
13370
11349
5874
14830
15356
5871
13370
11350
8881
15357
13370
8881
14830
11345
13368
13370
13116
5870
14830
13370
13370
13116
11349
15356
13368
13370
13368
13370
13369
15358
13370
8879
16044
13368
8879
15356
16046
3200
15356
13370
13370
13370
11349
13370
13370
13370
13370
13368
13369
13370
13369
13370
13370
13370
13369
11348
554
13370
8879
11339
8881
11348
11345
554
13116
11339
11350
8880
11339
13370
11345
13369
11348
5389
8880
5872
5872
11348
17175
20214
16872
20223
20221
17174
14830
13370
23980
20213
13116
20215
20215
17175
20213
19233
21618
18277
15357
17172
18276
17171
20214
17171
21618
17175
21616
20225
17171
21616
17172
17172
17172
15358
20213
17172
17287
17172
17287
20213
20223
20213
15356
13368
17175
20156
23977
23981
23977
23977
23867
13368
21616
23953
23977
23953
23953
17287
20216
21617
21616
20214
17171
13393
17171
21617
23953
17171
18278
20217
20224
21618
17171
11339
20216
23953
20213
18277
23957
20214
23973
21616
21616
23953
20213
21616
20156
23977
21618
23953
17171
23957
8883
23976
21616
20224
17171
23977
23974
13370
20213
17172
17171
23974
23977
21616
21616
21617
17287
1986
19233
17287
21616
14830
20156
14830
20215
1859
17172
20225
17175
17287
21617
21616
20224
23976
17174
21616
19234
21616
20213
20213
21616
16044
21616
20227
20219
18276
18277
21616
21616
17172
23977
23974
21616
21618
20220
20156
20221
21616
21617
20214
20225
23976
21617
17171
13370
20213
20226
20213
20156
20218
21616
21616
20216
20156
21617
20225
20226
20223
20214
17175
17171
20225
21618
20213
21616
20213
21616
20215
21618
17171
21616
20216
20156
17171
20221
20156
15357
20215
20213
21616
21616
17171
20226
21619
21618
8880
20215
18277
17171
17172
21616
20213
13369
20224
20217
18276
17171
20217
21616
3200
17171
17287
20215
20156
20227
17287
18277
17173
13370
18278
20213
17171
20215
21616
20213
20214
20223
20213
20213
17177
18277
20220
21616
21616
20213
20224
14462
20223
20224
21616
21616
13369
19233
16044
15356
21618
20223
21617
20213
17287
21618
18278
14830
13370
20216
18277
20216
20223
20215
17171
17171
20214
21616
17174
21619
5873
17287
17172
17174
18276
13370
17287
17171
17171
20225
20213
14830
17171
17170
3200
20213
5871
17172
11339
11345
17287
17287
3193
12473
15357
17172
18277
13116
17174
17171
18276
17287
17171
11339
17171
17171
554
8882
13370
18278
11349
17171
17171
17171
17171
17172
17287
13369
14678
5873
18276
13369
17171
3995
17171
17171
14830
20213
17173
18277
16043
18276
14830
8883
17171
13370
11350
17287
14830
13370
12473
12473
13393
11350
17171
13370
13116
8881
13370
15357
14830
13370
13370
15356
13370
13370
8880
11350
11349
5873
1858
15356
17172
11349
13368
13116
17171
17174
5870
16045
23953
23980
23977
23977
23974
23957
21616
19234
23977
20214
23953
23977
23953
13370
23975
20213
23953
20213
23867
23977
20225
23977
23973
23953
23957
17171
554
23977
23974
23976
23977
23977
23957
20215
23953
23867
23973
23977
23977
20156
23957
23867
23953
23953
23977
21618
16044
20213
23979
20214
23977
23867
23977
21616
23977
21617
23977
21617
23953
23977
23953
23977
13370
23973
23977
23957
23977
21616
15356
23867
23978
23953
23973
20220
23977
23973
20213
20217
23973
23957
23953
23977
21618
5870
20156
23953
23978
23953
23953
23953
17287
23979
23957
23978
8880
23974
23953
23867
23953
23977
23953
23953
3628
23953
23867
23867
23977
23979
13369
23867
23867
23977
23867
23977
20156
20225
23979
23953
23976
23867
23974
23978
23957
23977
13370
23976
23957
17171
18276
23953
23977
23977
21617
23977
23953
23975
23977
23953
23977
23957
20225
23867
23953
23976
23953
21619
23977
23973
23976
23953
23977
23974
20223
23957
23953
23973
23977
23977
23953
23977
23953
15357
17172
23974
18277
23953
23977
23973
20213
23977
23977
17171
23953
13370
21616
23867
23976
20213
23977
17171
20156
21617
18277
23953
23977
23977
16045
17664
23953
20225
23957
23973
23977
23867
21618
23977
18277
23953
23953
23953
20227
23953
23867
23953
23979
554
23977
23957
23977
23953
17287
20156
21616
23953
21616
20223
23974
23977
23957
23957
23974
23976
20156
17172
23974
23977
23953
20215
20224
17174
23957
21618
23953
23953
17173
23953
21616
23953
17171
20155
17177
21616
23953
23981
23977
23976
23977
23953
23957
23977
23977
23953
23977
23977
23953
13393
23978
23977
23974
23975
20214
20221
23957
20225
23977
23976
23953
23957
23953
23953
23953
23976
23975
20214
23953
23953
3193
23977
821
23979
23957
20225
18277
15358
23978
23974
13369
20223
23977
23977
23867
20223
23953
23953
23977
23977
23867
21616
17287
23977
23979
23977
23977
21617
23953
21616
23953
23867
20226
20215
20220
23953
23980
23977
23976
21616
23957
23977
23977
23977
23977
23974
23953
23953
20213
23974
23979
21618
20213
23977
20223
23977
20224
23978
23953
17171
23953
17287
23974
23953
21618
20220
23974
13368
23953
21616
21616
23977
20213
23977
23957
23977
20214
4715
23974
20222
21616
21616
23957
1858
23868
21616
23953
21616
23976
23974
21616
23953
21616
23953
20155
23977
20223
23980
14678
21618
23953
23977
23977
23953
21616
20156
23977
8880
20225
23953
23957
23977
20156
23977
23953
23979
23867
20223
23867
21616
23977
23957
23976
23978
21616
23977
20215
23867
18277
23977
23953
23953
23974
23974
17171
21616
21616
20213
23977
20225
23980
23977
20213
23977
20215
18278
17171
17175
23977
21616
23867
23867
20156
23953
23957
21616
23977
21618
23977
14830
23953
20221
20213
23977
11351
23977
18277
23977
23976
20218
23867
23973
20224
20223
20223
23976
23973
21616
23977
23977
23977
23953
23953
13370
23977
5874
23953
23973
23975
16044
23977
21616
23953
23977
17287
20156
3200
23977
23977
20226
20223
20225
23867
23953
23957
23976
17171
17171
11339
21618
23977
23957
20216
21617
23957
23977
23953
21616
23977
23957
17287
18278
23977
21616
20156
21616
14830
23977
20226
23977
20156
23867
21617
20218
21618
23977
23977
20213
21616
21618
21617
21616
17171
21617
21616
23977
20217
17287
20223
23953
21618
17171
21616
23953
18277
18276
13370
21616
23867
20215
23978
17171
20215
5870
17287
23977
21616
23979
21616
23977
20214
20225
21616
20223
21616
20226
20220
21616
21616
20225
17171
21616
20221
23953
21616
23957
20213
20156
17287
20213
17171
17171
23978
21616
21616
23978
20213
21616
17171
17174
21619
5870
20213
21617
17171
17287
15357
21616
14830
21616
20224
20213
17287
23977
17171
20224
21616
23953
20213
23953
17171
21618
18277
17171
14830
13370
18277
20156
23977
17171
13370
21616
21618
20156
17171
20214
21616
20213
13368
18278
20156
23977
20225
20224
21616
20156
20215
20215
21618
17175
21618
20215
20156
20215
21616
17171
21618
20156
21616
23977
21616
20218
23953
20213
20156
13369
23977
20156
21616
18276
17171
20215
20156
20223
20213
21618
17172
20223
11348
13370
23977
20223
21616
21616
21618
23973
20213
21616
23976
21616
21616
23867
21616
17171
20215
20217
21616
21616
17171
20156
23976
11339
21616
20215
17172
17172
20222
8879
20215
20215
21616
21616
21616
21618
23953
17175
20222
21616
23957
21616
21617
17287
23977
23953
21616
21616
23977
17171
21616
21616
21616
21616
21617
21618
17171
21616
18277
21616
21619
21616
17172
21619
17172
23953
21618
20156
21618
20214
21617
21616
20216
21616
21617
20156
20221
21616
17172
14830
20225
20213
21616
23980
20215
20223
20213
20226
20221
8880
21616
21616
20218
17171
16044
21616
21618
21616
20156
18278
21616
17171
21618
20156
21618
21616
19233
20213
8883
20226
21617
21618
21616
21617
20220
20223
17172
17176
21616
21616
17172
21616
20156
20213
8883
21616
17172
21616
21616
21617
21616
21616
20225
21616
21616
20217
21616
12473
20227
21616
4883
21616
5873
20213
21616
21617
21616
21616
17172
20226
20217
20156
17287
21616
21616
21616
14830
21618
21616
20214
21616
20227
17174
20225
20215
21618
4713
20214
21617
17171
17173
21616
20214
21616
20213
8882
17287
20224
20226
17171
20213
21616
21616
21616
17174
20225
17287
21616
20213
17172
17171
20156
21618
17172
20223
20213
17287
20213
13370
21616
20213
21618
20223
21616
21617
20156
20218
20220
21616
21616
20226
20213
20213
21616
21616
20227
20156
4882
13370
20156
8880
21618
20215
17172
21616
20156
21618
20213
21616
20226
21616
17176
20225
20215
21618
20215
21616
20221
20223
21617
21616
20216
21616
20223
20225
8882
20156
3193
17287
20223
20213
821
21616
17287
21617
21616
20156
20223
20216
21616
20225
21616
20213
21616
20227
20220
21619
17171
21616
21616
21616
20216
20213
20220
21618
21616
21616
20216
21618
21616
20223
21618
21618
21616
20224
20221
21616
21616
17171
20156
21616
21616
21616
17287
20156
21619
21616
20227
20223
21616
21616
17171
17171
21616
20156
17171
14830
20225
20218
20217
21617
18277
21616
21617
20220
21617
3200
20225
21617
21617
21616
21616
17174
21616
20225
17172
20215
20223
18278
21618
17171
14830
15356
21616
20216
17171
21617
18277
21618
21617
8881
21616
17171
17172
17171
21616
17171
8881
3994
17175
20213
13369
21616
17173
20226
21616
17171
21616
21616
17174
20156
21616
20218
21616
20213
21619
21618
21619
20156
18276
18278
8881
20156
5872
21618
20156
17171
20156
3200
20156
21618
21616
20156
17174
21616
21616
11339
17171
15356
16044
20226
17171
17171
13116
20215
21616
13116
21616
17287
20213
5870
21616
21618
20220
3200
20225
21616
21616
20220
21616
20215
20224
21618
17175
20220
20223
20156
18277
20218
18277
17174
20226
20215
13370
15357
5869
20218
20215
20213
21616
8881
21617
18278
21618
14678
21619
17171
21616
19234
21616
21617
20226
17172
21616
21617
18276
17171
20213
21616
21619
3200
20215
8881
21616
20225
13370
21617
4715
21616
21616
20222
20213
17175
8881
11781
5874
17664
17172
21618
20224
17171
20224
8881
20213
3193
17287
20156
21616
17287
21619
21616
17172
20220
21616
21616
20226
18277
21617
18277
20215
20213
17287
21616
21618
17287
20223
21616
8882
1859
17171
21618
20213
20156
20214
17171
5870
17175
21617
5873
17172
21616
20227
18276
17171
21617
14830
21616
16044
15357
8881
20213
13116
20225
17171
13370
17287
21616
20226
20218
20224
20220
17171
20214
21617
17173
21616
13370
20213
20213
21616
21618
13370
5875
20213
20213
11350
17287
13393
20223
21616
20225
17171
20215
20224
17175
21616
21616
11348
20213
21618
17174
17171
18276
21616
17287
17172
21619
17172
20223
19554
20213
20215
17287
17172
17171
20223
21616
21616
13370
20214
20213
14830
17171
20213
17664
21616
17172
20227
21618
17287
17171
20227
21618
17287
20156
20215
21616
11350
17171
20217
18276
20213
20156
18276
17287
13370
17171
21616
17171
14830
21616
17171
20213
17171
14830
17287
13370
17287
8882
20156
21616
17171
20214
20223
16872
20213
20220
17172
20213
17174
21616
21616
21616
20213
20156
20225
17171
5874
17170
20223
20226
554
17174
14830
18276
20213
17171
554
17171
20213
18277
1985
17171
18278
14830
18277
20156
20213
17171
13369
17171
17171
21616
16046
15358
20216
21619
17171
20215
17171
20213
20213
20218
21616
17171
20216
21616
20215
17171
17172
15356
17171
17172
20221
17170
16045
8881
18276
14462
20213
20226
17171
18278
19234
20213
18278
13370
20213
20213
20215
21616
18277
11345
17172
19234
18277
21616
20218
16044
20216
20224
20213
17171
20216
17284
17177
17171
17287
17171
17287
17287
3995
17171
17171
17287
17171
18277
17174
20226
20223
17172
5870
20223
17171
20213
19554
17174
13370
20215
13368
17171
18276
17171
11339
20214
14830
17287
17287
17287
17175
20213
17171
17171
17175
20222
14830
20216
17174
17287
17171
20222
20213
18276
18278
18276
17171
20214
18276
17287
20225
20213
17171
20213
20213
20213
17171
13370
17171
8883
3628
11350
20223
17174
18276
5871
20213
20224
20214
13368
20213
12473
20225
13370
17171
17171
17171
17173
20214
17171
17174
8879
17287
17171
17287
17174
17174
16043
20213
17172
17171
18278
17171
17284
17172
17174
13370
17171
18278
18277
17287
4715
20223
20213
13369
17174
19234
20223
18276
14830
13368
5873
16872
20213
17171
13370
8879
20213
17172
4714
17287
17172
17172
5485
4715
17171
5873
13370
17287
17171
17172
17171
17171
17171
17173
17287
17172
17171
17172
18277
17287
20213
16045
17172
18277
14678
17287
17287
17287
18276
17171
17172
15357
17171
17171
18276
17171
17174
15356
18278
17172
17171
17172
8882
17175
20225
17171
17172
17287
17287
17174
17174
17174
11345
17171
18276
17172
18277
13370
18277
17172
17172
14462
17171
17172
17171
17172
17174
17172
18276
20213
5875
17287
17171
13370
17172
17171
14830
13368
17172
17173
18278
11350
16872
17287
17174
17171
3193
20213
17284
13370
17171
17287
17284
13368
17287
18277
17287
17287
20213
17171
13116
17172
19554
14830
11345
3995
18277
18277
17171
17174
19233
17171
20222
20224
17287
17173
20223
16045
17171
13369
14830
18277
17171
17287
17287
8883
17174
17287
17172
20220
14678
18278
17175
17171
8879
17172
18276
18276
17284
17172
19233
17287
18277
13370
17171
18278
19233
17171
18278
8879
17171
15356
821
17171
17284
17175
20216
15358
17172
18277
3200
18277
14830
17174
18276
17171
17171
18276
14678
16045
17171
17171
13368
17171
17171
17171
18276
17171
17172
18277
17287
17172
20213
17172
17171
17171
17171
17287
8113
17172
18276
17171
14830
17284
17287
17174
13116
17171
13370
17171
4883
17171
17287
17174
4883
17174
17172
17171
14678
11339
17171
17173
15356
13370
17287
16044
15357
18277
8880
18278
13368
14830
17172
16872
17287
11348
13370
17664
18277
17171
17171
13370
17171
18276
17171
17172
17287
17287
18276
18278
3994
17284
11345
17172
13369
17664
17171
13370
19233
18276
17171
17171
19234
17174
18277
14678
17287
17287
17172
17171
13116
5485
14830
17174
17172
18277
5389
17172
17171
18278
17171
18276
17172
17172
17171
15359
14830
17287
17171
18278
17177
13370
18278
14830
13370
8881
17171
17172
18277
18277
17171
18277
8881
16872
14678
17171
17172
17171
17287
14678
17176
17171
17171
17172
17172
17171
17171
13370
17171
19236
17172
17172
17287
17174
17171
17172
17171
17174
8879
13370
17171
17172
17287
14678
13370
3200
17171
17287
17171
4883
17171
17172
17287
17172
17172
18276
17171
17173
15357
15358
17171
8880
17171
13369
17171
18277
17287
11349
8880
18276
17171
17171
17171
17172
17171
17171
17172
17173
14678
17171
18278
17171
821
17171
17171
17287
5870
11339
18277
13368
14830
17284
13368
17174
14830
17171
13369
16045
16043
17171
17171
15356
17171
17171
14830
17170
13370
13370
17287
14678
14678
17171
17175
17664
17287
17287
17171
17171
17171
14830
13369
13370
17171
17171
18278
8879
16043
17172
17172
14830
17171
18276
14830
17172
14830
17171
17284
17287
16044
17174
5873
17171
14830
17175
17171
8881
17172
18278
17171
17172
17287
15356
17172
14678
17170
17174
15356
8882
17175
17171
17171
13370
18276
18277
17287
17171
18276
16872
18277
17171
14678
17173
13370
17172
16045
14830
13370
14830
17284
17171
15356
14678
17172
14678
17175
17171
14678
17173
17172
17171
13368
13393
18277
17287
8881
17175
17172
17175
17171
14830
13116
14830
3994
11339
1985
17172
15359
14830
4883
16872
14830
11350
17287
17287
8882
17172
17171
8881
17171
15358
17172
8883
18277
17287
17170
13116
17172
15356
17171
14830
18276
17172
17171
15356
13370
17287
17171
17171
14678
17171
17171
16044
13369
15357
17287
18277
5870
17171
17284
17287
13370
15356
11349
15356
13116
16044
14830
17174
17176
14678
5875
13370
16043
14830
17171
17171
16872
17170
17171
17171
17176
17173
17173
14462
17171
17171
17171
14678
17172
14678
15356
17172
14830
11349
14830
17171
15356
17170
17176
16043
17287
11339
14678
5870
17175
13393
16872
15356
14678
13370
16044
8880
16045
15357
16045
14678
17171
16044
17174
17172
17172
14678
14462
17287
17171
17173
14678
17171
17171
16043
17172
14830
14830
17171
13370
3200
17172
17171
15357
17171
17171
13370
8881
13369
3193
14830
14678
17172
4714
8881
17174
17174
16043
14678
17170
11349
17171
17171
17171
17170
14830
17171
17171
14830
8880
17171
15357
8881
3627
17171
17173
14830
8881
13368
14830
4713
14462
17287
13370
15357
16043
15359
17170
14462
17174
17287
14830
13370
14678
14830
5870
13370
13368
17171
13370
8882
13369
15356
15356
13370
3994
17172
17171
13370
15356
16045
17170
17172
14830
14462
13370
13370
16045
16044
15356
17174
13370
14830
17284
13370
11350
13369
17172
17171
17171
17171
14830
13370
17173
16043
17171
13370
17171
14678
15356
16046
14830
13369
15356
15356
14462
15356
15360
13369
14830
13369
15356
15357
13368
13370
11339
16043
14830
15356
13370
8882
13116
8879
13370
14830
13369
13370
13370
14462
15356
8881
14830
13368
11349
554
8880
11348
16044
11348
14830
15356
15357
11348
15357
14830
14830
8880
15357
11349
13370
8881
3628
8880
13368
15356
3200
8883
14462
13370
15356
13370
11348
12473
13370
13370
11349
13370
13116
13370
13116
13370
13368
13370
8879
14462
11339
8881
13370
15357
3994
15357
14830
14830
5871
4882
13370
13368
16044
13370
8882
13370
15356
15357
14462
15356
13370
15356
11350
15356
15356
13368
16044
13370
13370
13116
16044
15356
5870
13370
13370
15358
5873
15357
13370
16044
14830
15356
13369
12473
16044
15358
13370
8882
14830
13116
11350
13368
13370
13370
11345
8883
5870
15356
11349
8880
13370
13370
13370
3628
11349
16044
14830
15356
13370
12473
13368
14830
13370
13369
13116
13369
13370
8882
15357
14462
15359
13370
15357
15357
11339
11339
11348
8880
13370
13369
8880
13370
8883
8879
15357
1858
8882
11345
11345
13368
13368
5870
13369
3200
11348
13370
13369
13116
11339
13370
11345
13370
13370
13116
4713
13370
8883
13370
13368
11339
8883
13369
3995
13370
5875
13368
5871
8880
11348
13368
13369
13370
13369
13368
4713
3200
13368
13369
5870
13116
13370
13370
3994
5871
11345
13370
1986
13369
13370
5870
11345
11345
11339
13116
3995
13370
8879
8884
8880
13369
11350
13368
3994
8883
11349
1985
11339
11339
13369
11350
13370
8881
8879
11348
5873
5870
11350
11350
554
11348
11339
5872
11345
11350
11348
11339
13368
11350
11348
8883
5873
8879
11350
11339
8880
4882
11350
8882
4715
8883
5873
8882
8881
5873
11349
8883
11348
11348
11349
8881
8879
8880
3627
8880
5872
821
5874
11345
11350
3200
11345
8881
11348
8879
4882
